50 50
58268 58268 58268 58268 58268 58268 58268 58268 58268 58268 58268 58268 58268 58268 58268 58268 58268 58268 58268 58268 58268 58268 58268 58268 58268 58268 58268 58268 58268 58268 58268 58268 58268 58268 58268 58268 58268 58268 58268 58268 58268 58268 58268 58268 58268 58268 58268 58268 58268 58268 
25000 25000 25000 25000 25000 25000 25000 25000 25000 25000 25000 25000 25000 25000 25000 25000 25000 25000 25000 25000 25000 25000 0 25000 25000 25000 25000 25000 25000 25000 25000 25000 25000 25000 25000 25000 25000 25000 25000 25000 25000 25000 25000 25000 25000 25000 25000 25000 25000 25000 
146 87 672 1337 31 559 2370 1089 33 32 5495 904 1466 143 615 564 226 3016 253 195 38 807 551 304 814 337 4368 577 482 495 231 322 685 12912 325 366 3671 2213 705 328 1681 1117 275 500 2241 733 222 49 1464 222 
2609.75 3292.3 6739.73 8933.38 6803.6 5984.17 10355 7650.4 8084.75 4246.77 5219.5 5776.12 6641.17 7816.48 4374.52 3847.1 5033.35 6429.48 6719.65 3660.95 7358.4 5396.52 5219.5 8345.72 4182.9 6387.5 7391.25 5542.52 5038.83 10349.6 6400.27 5558.95 6051.7 9568.47 3792.35 4898.3 9064.78 7159.48 11178.1 8697.95 4781.5 6033.45 6661.25 5299.8 8845.78 11656.3 9977.28 5301.62 8663.28 3947.48 
2368.57 1148.4 3204.86 4509.86 4028.1 2752.46 5457.08 3845.4 4791.52 2504.51 2396.85 2628.49 3220.09 3859.54 1838.96 2266.35 2285.93 3117.86 3299.48 2596.95 3680.1 2582.81 2296.8 4205.36 1779.15 2994.98 5115.6 2491.46 2189.14 5399.44 3046.09 2499.07 2838.38 4940.51 1446.38 2351.18 4642.54 3507.19 6634.84 4369.58 2035.8 2890.57 3943.27 2607.82 5984.51 6919.76 5919.26 3574.61 4385.89 1538.81 
38119.2 28711.2 4914 17161.2 44553.6 7030.8 26409.6 19622.4 50450.4 35490 13876.8 9147.6 14977.2 9987.6 21848.4 35330.4 20546.4 15111.6 25670.4 37312.8 29954.4 23679.6 9828 13734 19303.2 6568.8 57472.8 8895.6 11180.4 22957.2 12390 7341.6 15489.6 21294 21806.4 22713.6 18992.4 16657.2 67393.2 15523.2 12297.6 23856 48568.8 27686.4 66066 66973.2 59161.2 44864.4 16203.6 22621.2 
94158.2 75406.8 32372.1 11548.3 94124.8 35113 29982.2 21024.3 105322 79267.4 29681.4 21275 20071.7 28595.1 64293 80186.6 47630.6 25921.1 53179.2 95094.1 61702.6 69206.5 23096.7 42165.6 48700.2 24701.1 135171 25118.9 40527.8 60516 47246.2 30416.8 52911.8 19804.3 61669.1 53847.7 15191.7 17163.7 141839 16712.5 34762 49569.3 105289 76944.4 142842 137026 121517 110119 12183.4 58878.1 
1432.2 1277.97 1715.46 1883.64 566.525 1580.61 2152.18 1577.9 838.55 876.138 1061.75 1250.46 1363.61 1923.94 1524.04 955.575 1016.8 1318.66 949.375 1655.4 814.525 1789.09 1133.05 2087.46 1015.25 1583.32 2005.7 1269.84 1379.89 2512.94 1815.44 1381.82 1823.57 2008.41 1383.38 947.825 1901.46 1497.69 1685.24 1925.88 1108.25 908.3 1169.47 1798.78 2040.19 1600.76 1240.39 2003.76 1836.36 1237.29 
29389.4 21549.4 6421.51 15994.4 35203 3514.71 23701.6 16197 40108.2 27663.5 10383.4 7483.61 12332.9 10628 15840.7 27251.2 15232.8 12444.7 20193.9 28704.7 23757.5 17769.2 7029.42 12654.4 13919.1 6260.8 45474.6 6253.81 6966.54 20326.6 9090.74 4947.15 10956.4 19446.2 15805.7 17035.5 17517.7 13730.4 54202 15093 8371.03 18684.6 38375.4 21102.2 52622.9 53852.7 47354.3 34986.4 15197.8 16483.5 
181957 151443 81972.4 45118.9 179350 86890.1 28499.2 43134 199791 153665 65767.5 58805.6 48555.4 75277.1 138615 155294 97584.8 53176.9 107361 187467 122470 147325 56998.5 99391.9 102384 68433.8 259515 65619.4 96429.4 131920 108339 78565.5 118382 37594.1 126440 108605 40319.6 50569.9 262507 54213.8 78328.5 100962 199791 160390 266358 256049 228498 214100 46244.6 120959 
70158.8 56137.9 33391.5 20160.1 68960.9 32030.2 26544.4 6370.65 78353.5 57158.9 16770.6 13571.7 8861.74 34044.9 51550.5 57907.6 31390.4 10985.3 35882.6 72690.8 42824.9 57376.7 12741.3 45125.4 33595.6 25346.5 105796 16702.5 32220.8 60072 42893 24339.2 46527.5 21820.8 44649 36454.3 21085.8 12128.7 107171 24366.4 22542.3 32942.2 78353.5 60248.9 108941 104204 91544.1 84928.4 20704.6 42130.7 
1719.3 1555.12 2020.84 2186.66 797.775 1877.29 2480.77 1869.45 697.95 1127.36 1324.95 1525.84 1646.29 2242.76 1817.06 1211.93 1359.6 1593.49 1205.32 1956.9 1061.78 2099.21 1395.9 2416.84 1275.45 1880.18 1940.4 1538.21 1663.61 2869.76 2127.26 1665.68 2135.93 2327.74 1668.15 1203.68 2218.84 1789.01 1599.26 2239.88 1374.45 1156.65 1050.22 2109.52 1977.11 1509.34 1125.71 2149.54 2144.59 1511.81 
1038.4 879.2 1459.6 1709.2 1024.8 1320.4 1995.2 1402.4 1305.6 464.4 869.6 1050.8 1181.2 1674.8 1133.2 546.4 738.4 1134.8 1066.4 1268.8 1206.4 1406.8 928.8 1875.6 768.8 1323.2 1950.4 999.6 1145.2 2314.8 1562.8 1115.2 1500.8 1846.8 988.8 667.2 1736.4 1318.8 1983.6 1748 832.8 916 1087.2 1416.8 1986 2088.4 1720.4 1628.4 1668.4 837.2 
282031 211283 141015 156814 275986 123981 205925 104130 324205 216434 12638.5 46089.3 66146.1 165880 198301 220212 86408.9 58178.3 109076 294807 144106 241574 25277 213000 97536.2 105504 461992 48149.9 106122 288419 178794 81738.1 185456 180442 162789 111961 161484 89774.6 468792 165812 55499.5 94239.2 323381 245901 477722 453818 389939 356557 149807 140603 
50691.8 38013.2 17684.5 20961.5 51754 16554.5 32069.4 15322.8 59686.6 41572.7 8429.8 1231.7 9073.9 20938.9 32781.3 41335.4 20566 9254.7 24295 52228.6 30058 37595.1 2463.4 29549.5 19775 11074 79235.6 3830.7 16712.7 41956.9 25571.9 10170 28589 26227.3 28724.6 24385.4 23131.1 11333.9 83247.1 20927.6 10350.8 21854.2 59166.8 41335.4 84557.9 81009.7 70500.7 62387.3 19673.3 26656.7 
87703.5 68425.5 38207.6 29484.9 86090.9 36375.1 42477.4 15319.7 98955 70203.1 15832.8 11526.4 5185.98 43485.2 62653.2 71211 35513.9 11563.1 41561.1 91111.9 50906.9 70496.3 10372 57448.9 38482.5 27377.6 135275 15741.2 36631.7 77569.7 50998.5 26021.5 55891.2 35788.7 53362.4 42330.8 30731 11599.7 137529 32581.8 23565.9 37602.9 98735.1 74362.9 139911 133534 116492 107586 27615.8 49972.3 
8994.7 7014.15 1953.74 3076.29 10271 2400.61 5044.33 4089.8 11525.8 8342.26 3428.43 2289.79 3530.31 1217.29 5553.76 8308.3 5162.3 3558.91 5938.08 8844.55 6878.3 5947.01 2434.57 2672.31 4897.75 1741.03 13134.5 2275.49 3283.64 4634.99 3544.61 2352.35 4204.2 3955.74 5544.83 5623.48 3465.96 3423.06 15131.2 2520.38 3406.98 5551.98 11125.4 6799.65 14963.2 15041.8 13379.4 10451.5 2868.94 5718.21 
22109.2 13806.8 17181.6 27575.1 34163.2 13983.6 36054.4 25399.5 39559.9 23393.1 16297.5 15828.6 21148.3 21809.4 7310.81 21709.5 15513.4 20779.3 22678.1 21463.5 25368.8 12569.1 14621.6 24038.8 11931 16866.4 39913.5 14091.2 11169.9 32479.7 15843.9 13360.9 14375.6 31372.7 9640.12 15974.6 29250.9 22701.2 52897.7 26598.8 12776.6 19787.6 33563.6 13114.9 48346.7 54681.2 47531.8 28374.6 26698.7 11815.7 
16807.2 14001.3 25640.8 30561.8 19556.7 22905.4 35602.5 25154.4 24505.8 9679.65 15763.8 18421.7 21255.8 29433.8 18478.1 8135.7 13451.4 20437.9 19232.4 20868 21699.9 23300.2 16271.4 32126.8 12619.5 23236.8 35094.9 17533.3 19253.6 39867.8 26303.6 19556.7 24957 32986.9 15933 12196.5 31041.2 23680.9 36455.6 30709.8 14579.4 16581.6 19881 23476.5 36497.9 38302.6 31816.7 27205.9 29842.7 13261 
10300 7390.2 7031.42 8472.17 10011.8 6048.33 10492 6305.4 12560 6963.62 2542.5 3918.27 4743.17 8551.28 6856.27 7119 1531.15 4415.48 4164.05 10825.4 5152.8 8788.58 3062.3 9992.03 2712 6068.1 17458.5 3782.68 5031.33 13093.9 7754.62 4593.45 8294.2 9443.97 5401.4 2666.8 8664.28 5714.98 17693 8842.25 2599 3101.85 11362.2 8989.15 17709.9 17551.7 14924.5 13365.1 8184.02 4483.27 
175305 136474 78453.7 73100.3 171987 74683.7 92515.8 36644.4 198000 139302 27445.6 23562.5 23034.7 89311.3 126333 141375 67935.4 11423.1 80376.4 182317 99603.4 144881 22846.2 118039 74042.8 56173 274079 32233.5 75211.5 159433 104768 53383.2 114834 79433.9 107219 81959.8 75663.9 36305.1 280375 79396.2 45918.6 72233.2 198000 150423 282712 269593 234532 216210 69254.9 97680.7 
14104.8 10872.7 9452.71 10186.4 10309.8 8668.41 12441.3 7754.45 12529.8 10040.9 3542 5082.14 6005.59 10597.5 10275 10214.9 4313.65 5638.74 2061.95 14718.3 4237.75 12438.1 4123.9 12767 5635.58 7817.7 21789.6 5177.01 8073.86 16239.4 11122.5 6723.48 11726.5 11268 8646.28 5230.77 10401.5 7099.81 19186.9 10594.4 5350.95 2795.65 14965 12662.7 22071.1 18497.5 15556.3 17561.4 9863.84 7618.46 
4719 4738.5 8597.06 11897.4 10320.4 7583.06 14113.1 10500.8 12031.5 6905.44 7254 7875.56 9152.81 10064.4 5467.31 6371.62 7005.38 8870.06 9277.12 3656.25 10130.2 6729.94 7312.5 10878.6 5869.5 8497.12 9506.25 7622.06 6695.81 13554.9 8172.94 7390.5 7707.38 13238.1 5406.38 7151.62 12428.8 9845.06 15675.6 11583 6547.12 8360.62 10130.2 5845.12 12180.2 16314.2 14559.2 5847.56 11614.7 5613.56 
2204 1718.55 1581.28 1691.47 1302.45 1463.47 2030.15 1326.2 1635.9 1593.62 693.5 924.825 1063.53 1760.82 1628.78 1619.75 733.4 1008.42 555.75 2296.15 390.45 1953.68 780.9 2079.07 931.95 1335.7 3066.6 939.075 1298.18 2600.62 1756.07 1171.35 1846.8 1853.93 1384.15 871.15 1722.82 1227.88 2673.77 1752.75 889.2 505.4 2041.55 1987.4 3108.88 2532.23 2090.48 2723.18 1643.03 1229.78 
33087 23443.3 23171 37575.9 50155.1 19559.7 48702.4 36072.9 57236.5 36022.5 26167 23493.8 30494.5 29263.8 14919.4 33813.3 25682.8 30655.9 35084.3 31816 38614.9 11166.9 22333.7 29102.4 20982 23524.1 56026 21214 17380.8 40178.5 17905.3 20255.7 15978.6 42539 17975.9 26288 39775 32512 74738.3 35911.5 21002.2 31291.4 49368.2 15978.6 67092 77038.2 67697.2 40884.6 36405.8 20830.7 
29547.4 21819.6 12087.6 14277.8 30208.6 10393.2 19877.3 9670.05 34960.9 23989.2 3801.9 2252.21 5847.49 14071.2 19650 23844.5 11199.1 6260.74 13472 30993.8 16984.6 22873.4 0 19319.4 10703.2 8017.05 46945.2 2293.54 10145.3 26881.9 15889.5 6157.42 17728.4 16757.3 16158.1 13513.3 14856.3 7665.79 50147.9 14257.1 4959 11984.2 34713 24051.2 50189.2 48040.3 41634.9 36675.9 13492.6 14897.7 
19258.4 15154.4 4883 8660.2 22473.2 5240.2 12851.6 10822.4 25140.8 18677 8930 6798.2 9435.4 4715.8 11943.4 18148.8 11947.2 9496.2 14265.2 19106.4 16203.2 11616.6 7106 3553 10898.4 5631.6 28226.4 6684.2 7117.4 7725.4 6509.4 5973.6 7911.6 10537.4 11924.4 12593.2 9496.2 9405 33421 7486 7881.2 13444.4 24198.4 13429.2 31946.6 32615.4 29081.4 22522.6 8227 12293 
32600.7 22120.4 24063.9 31410.2 36263.7 20116 39682.5 24603.2 43406.6 26098.9 11050 13644.7 18976.4 29538 20197.4 24684.6 10012.2 17796.1 19495.3 34493.2 23056.6 27157.1 10541.3 33424.9 5270.65 20594.2 59259.2 12362.6 14845.3 44597 26668.7 15282.8 26495.7 35297.1 14936.9 10622.7 32488.8 21866.1 64743.5 31379.7 8099.3 15669.5 41636.1 27879.5 64804.6 63420.8 53958 43640.6 30250.3 11650.4 
19133.2 14415.2 4124.04 7502.46 21736.5 4258.84 12148.8 8180.67 24693.7 17191.2 5611.05 2952.96 5851.16 5337.24 11613.9 17111.2 9697.17 5918.56 11525.4 19369.1 13673.8 12852.3 3268.9 8547.16 9073.72 1634.45 29479.1 2801.31 5623.69 13172.5 7620.41 3075.12 8745.15 9583.44 10952.5 10784 8420.79 6693.66 33190.3 6967.48 5560.5 10615.5 23935.4 14794.3 33148.2 32667.9 28750.3 23156.1 7022.24 11361.1 
175157 190445 281463 355282 238384 258749 406770 325853 225170 205569 253235 264755 294458 314332 211357 210756 242970 289435 287742 170789 273328 239639 248102 332569 222222 279224 124051 257876 238875 392519 271963 254436 261534 380835 205405 233251 365875 308872 262244 348348 234998 267212 177232 219820 183947 276549 279934 151733 352989 210046 
31417.7 23339.7 11056.8 15023.6 33379.4 9282.49 22113.5 11424.6 38298.4 25597.2 5582.48 2430.61 7436.09 13292.6 19279 25460.1 12766.1 7551.49 15708.8 32571.7 19387.2 22351.5 1601.18 18629.9 11698.7 6794.17 49650.9 800.588 9022.84 26549.2 15038.1 4846.8 16963.8 18384.7 18146.7 14627 16408.4 8878.59 52990.2 15002 5683.45 14150.9 36827 24738.9 53033.5 52629.6 45922 39055.7 14201.4 16091.1 
22292.5 15532.5 8585.62 15815.6 27305.3 6079.23 22449.2 14122.6 31534.8 21286.3 7458.95 6609.42 10790.8 12212.7 11525.8 20448.8 11037.8 10887.2 16351.8 22629.9 18460.6 14092.5 5916.55 13959.9 8953.15 7422.8 37089.9 5247.77 2958.27 20575.4 9380.92 4675.4 9917.15 18779.9 10579.9 12122.3 17129.1 11995.8 44699.5 15038.4 5121.25 14086.5 30040.7 16086.8 42325.6 43386 37782.8 28046.4 15128.8 11164.3 
35887.5 29205 12480.2 18630.6 41122.1 13061.8 25455.4 22151.2 45465.8 34940.8 19069.9 15598.7 19892.8 12207.9 23976.6 34080.8 23982.8 19991.8 27757.1 35640 30912.8 23444.4 16099.9 10314.6 22275 13699.1 50490 15413.1 16118.4 8049.94 15128.4 14256 17411.6 21687.2 23945.6 25034.6 19991.8 19843.3 58502.8 16718.6 17362.1 26420.6 43931.2 26395.9 56547.6 57636.6 51882.2 41202.6 17925.2 24545.8 
12035.1 8916.6 3727.76 7937.74 15529 2988.56 11116.9 8229.38 17556 12413.4 5826.98 4628.66 6632.59 5471.81 6476.66 11885 7270.73 6678.79 9817.5 11792.5 10828.1 6101.29 4440.98 5425.61 6843.38 4123.35 18722.6 4120.46 3693.11 8596.09 2220.49 3580.5 3285.98 9358.39 7288.05 8021.48 8567.21 7210.09 23593.8 7374.67 4435.2 8731.8 16331.7 7478.62 21757.3 23235.7 20550.3 14388.4 7608.56 8162.96 
16816.4 12300.4 4673.02 8907.33 19038.2 3674.82 13346.9 7880.95 21863.8 14695.3 4330.9 2861.77 5655.12 6838.48 9623.78 14610.8 7526.75 5719.52 9982 17041.8 12034.8 11338.4 2398.9 8891.22 6931.05 3300.5 26701.8 1952.12 3900.23 13310.7 6886.77 1199.45 7961.45 10895.7 8991.85 8573.25 9784.78 6460.12 29982.2 8388.1 3574.2 9112.6 21992.6 12670.7 30199.6 29781 26037.7 20660.3 8448.47 9382.28 
33291 24043.5 13451.7 25678.9 45466.9 10386.3 35106.2 25927.2 51477.8 34720.9 17347.6 15249.8 21192.2 18623.4 16808.2 32845.8 22433.8 21329.2 29985.9 32571.8 32982.8 15695.1 14693.2 18486.4 19385.5 13751.4 53121.8 13742.8 10951.4 27888.1 8982.06 12141.6 7346.62 30148.6 19402.6 23889.4 27802.4 22904.7 67566.7 24266.1 14025.4 26766.4 46032 19779.4 62514.8 69570.3 61607.2 40269.4 24685.7 21808.7 
946127 772783 372673 171891 941608 399465 229188 203364 1.05297e+06 801674 322800 261307 229995 336196 681269 810551 496144 258079 549406 987768 631720 728398 261791 467576 512606 298913 1.36157e+06 298429 451436 644793 516319 354112 575875 130895 640112 556184 145421 201589 1.39466e+06 221441 377999 514543 1.05297e+06 803126 1.41564e+06 1.35947e+06 1.20937e+06 1.12125e+06 178024 610899 
11074.4 6516.25 9745.94 14620.9 17265.6 8055.94 18070 12049.4 20125.6 11582.2 7198.75 7592.81 9802.81 12191.6 5780.94 10692.5 6792.5 9607.81 10578.8 11927.5 12000.6 8559.69 6353.75 13369.7 4891.25 8961.88 21336.2 7495.31 5951.56 17830.3 10200.9 7109.38 9514.38 16229.7 3176.88 7028.12 15116.6 10875.3 27174.1 14096.9 5378.75 9051.25 16956.9 8848.12 24582.2 28075.9 24330.3 15579.7 14222.8 4326.56 
15829.5 11730.3 12055.1 14909.9 14887 10463 18181.1 11400.9 18098.7 9950.62 5307 7379.48 8870.92 14516.5 10865.6 10202.2 3806.4 8340.22 7557.9 17293.5 9159.15 13994.9 5984.1 16447.1 4154.1 10495 26946.8 6793.88 8459.17 21470.5 13235.5 8116.05 13697.5 16483.7 8500.35 2992.05 15221 10444.7 27326.5 15353.7 4886.1 5837.7 17073.9 14319.8 27353.9 27097.7 22843 21406.4 14443.3 7022.62 
260549 211358 97602.7 40426.9 259264 105128 73603.5 59562 291477 219480 83331.7 65940.3 56946.4 87232.1 185248 222004 132615 73007 147850 269818 171160 198739 65986.2 124585 137295 76540.4 378755 76494.5 119996 174969 138443 92233.9 155375 45566.3 173638 149685 32993.1 48962 388071 54606.1 99025.2 137846 290927 219985 394036 378067 335392 310337 42170.6 165241 
137815 108160 60774.5 37261.4 137095 58008.3 63568.4 27330.6 156514 113057 30982 20497.9 15076.1 61549.1 97731.6 114578 60691.5 24757.9 69875.5 142960 83983.4 109516 20525.6 84066.3 63513.1 44426 209073 26860.3 58395.5 114440 80082.9 42378.9 87468.8 46722 85421.8 70982 39142.4 10262.8 214744 41936.4 40442.6 63900.4 156127 117123 218285 208714 182987 167828 34439.8 80359.6 
45190.5 41683.1 54470.1 59493.2 29821.5 51403.3 65177.2 52117.1 27688.9 32544.6 40378.9 44494.3 47243.8 59211.2 47631.6 34351.1 38581.1 46820.8 37823.2 48504 35461.5 53659.3 42775.9 64357.7 39250.9 51465 40960.5 44335.7 48318.9 73399.3 57395.8 46882.5 55712.6 61907.8 44450.2 37012.5 59475.6 50292.9 21387.9 60630 40660.9 36889.1 30385.5 54285 34060.3 23696.8 24243.2 45428.4 59070.2 41092.7 
22574.6 17974.4 7146.3 4104.1 23542.2 8089.3 8618.2 6428.8 26371.2 19848.1 7822.8 5211.1 5621.1 5744.1 15256.1 19762 12226.2 7047.9 13579.2 22804.2 15670.2 16305.7 5658 9081.5 11939.2 5543.2 32644.2 6154.1 9417.7 13583.3 10795.3 6937.2 12308.2 6121.3 14604.2 13612 4997.9 4907.7 35329.7 2829 8519.8 12693.6 26231.8 18261.4 35444.5 34157.1 30344.1 26490.1 3636.7 14436.1 
80057.6 56481.6 38011.6 53182.6 85773 30699.3 70728.1 39587.6 100524 63100.5 15801.4 16494.8 27925.6 49316.3 49862.7 62659.3 25677.3 26917 44210.3 82915.3 51564.7 61965.9 10086 58183.6 22567.4 30846.3 133135 13847.2 23134.8 81255.3 43390.8 19877.8 47404.2 61209.4 39209.3 31140.5 55410 33472.9 142906 53119.6 5043 36309.6 95817 63289.6 143032 141855 122314 103360 50787.2 35364 
58028.1 43758.5 39723.3 42962.6 45043 36260.6 52917.9 32225.4 54677.1 40086.3 13627.4 20427.1 24504.2 44777.7 41119.6 40854.3 14800.2 22884.5 13348.2 60736.9 18235 50669.9 16196.5 54356 20636.6 32504.7 91957 20846 31401.7 69686.8 44861.5 27673.7 47528.4 47737.8 33928.9 18849.4 43884.1 29335.2 84235.8 44763.8 19379.9 8098.25 61825.9 51661.2 93199.7 81191.9 68206.8 73289.2 41538.4 29391.1 
11687.5 10319.4 16111.6 18256.6 9625 14832.8 20714.4 15620 8793.12 7559.06 11041.2 12598.4 13719.1 17960.9 12502.2 7885.62 9913.75 13320.3 12732.5 13667.5 11825 14853.4 11550 19329.1 10071.9 15090.6 13193.1 12158.4 13052.2 23103.4 16310.9 14031.9 15654.4 19439.1 11261.2 9301.88 18490.3 14901.6 14420.3 18590 10725 11440 5775 15097.5 13994.1 15320.9 12357.8 14935.9 17905.9 9951.56 
19812.5 14312.5 16981.2 25818.8 30875 14743.8 32575 23312.5 35262.5 22118.8 16250 16268.8 19856.2 20756.2 9331.25 20750 16000 19556.2 21825 17087.5 24012.5 9543.75 14550 20656.2 13087.5 17100 32087.5 14856.2 12481.2 27518.8 13718.8 14262.5 12525 28893.8 11225 16375 27181.2 21506.2 46393.8 24875 13050 19475 30675 7275 38943.8 47856.2 42043.8 22706.2 25093.8 12993.8 
107792 115692 168663 190737 120398 157010 210766 169252 113619 103562 131939 144629 153761 185527 134768 109305 122751 150511 145721 113955 138326 149279 136085 193650 124880 163257 89976.1 141043 142500 224408 164573 150483 160512 200373 123367 117765 192642 163397 108212 193454 129362 135188 93057.5 139110 68042.4 115552 117288 104178 187936 125748 
50320.4 46673.8 57109.9 60151.8 29943.1 53921.3 66703 53124.2 27725.7 37172.3 40919.7 45381.9 48057.3 62039.3 52583.6 39050.6 40589.9 46994.5 38262.6 53765.6 35074.1 58814.1 42605.6 65905.9 40553.2 53307.4 45922.4 46573 49175.1 75966.3 59473.8 49220.9 61003.9 63303.7 49184.3 38958.9 60774.9 51227.5 25572.5 61352.1 42752.2 37291.4 34927.4 59519.6 38748.2 21302.8 24143.2 50567.8 59235.6 45803.3 
13547.5 12443.1 15576.1 16502.9 7348.2 14610.4 18481.5 14369 6676.65 9565.42 10672.7 12024.1 12834.4 17069 14205.2 10134.3 10572.8 12512.5 9867.9 15146 8902.2 16103.3 11183.2 18240.1 10561.7 14424.5 14940.6 12384.8 13172.9 21287 16292 13186.8 16755.4 17452 13197.9 10078.8 16686.1 13794.5 8777.33 16860.9 11227.7 9573.75 9046.5 16305.9 12767.8 8172.38 5591.62 17640.7 16219.9 12151.7 
1568 1572.9 2542.49 3371.81 2975.52 2287.69 3928.57 3020.85 3140.9 2117.41 2205 2361.19 2682.14 2911.21 1756.04 1983.28 2142.52 2611.09 2713.38 1300.95 2927.75 2073.31 2174.38 3115.79 1857.1 2517.38 2006.55 2297.49 2064.74 3788.31 2435.91 2239.3 2318.93 3664.59 1740.72 2179.27 3495.54 2856.09 3556.79 3292.8 2072.7 2483.07 2603.12 1850.97 2678.46 3717.26 4040.66 1087.19 3300.76 1792.79 
101089 81178.8 34056.3 14036.1 101528 37057.5 34221 24448.8 114155 85625.7 31329.6 21905.1 20807.1 29883.9 69009.3 86632.2 50983.8 27212.1 57059.4 102700 66392.4 74352.9 23899.8 44780.1 51935.4 25656.6 147937 26114.1 42986.7 64873.5 50343.3 31915.2 56510.4 23076.3 66429 57791.4 18025.5 17622.9 155129 16909.2 36673.2 53106.6 114119 82825.8 155276 148907 131888 119151 11949.9 63080.1 
7969.8 4856.25 7095.67 9693.08 10916.8 5941.27 11999.1 7886.55 12864.9 7029.08 4190.25 4847.92 6351.98 8766.22 4903.42 6421.35 3907.2 6030.08 6493.5 8552.55 7464.75 6801.52 4001.55 9570.97 2614.05 6560.1 14979.5 4498.27 4503.83 12617.9 7978.12 5294.7 7448.1 10753.1 3124.65 4073.7 9987.22 7090.12 17674 9684.75 3335.55 5450.1 10694.8 6998.55 17196.7 18323.3 15742.6 11047.3 9376.72 2000.78 
